1 0.0629957 
1 0.0703852 
1 0.0827161 
1 0.0995877 
1 0.0703394 
1 0.0872051 
1 0.097981 
1 0.091224 
1 0.112047 
1 0.115786 
1 0.118862 
1 0.148872 
1 0.110329 
1 0.113033 
1 0.0740462 
1 0.051754 
1 0.0518084 
1 0.0723291 
1 0.0438378 
1 0.0642167 
1 0.0980336 
1 0.100288 
1 0.102011 
1 0.0888618 
1 0.0698318 
1 0.0844747 
1 0.101096 
1 0.106619 
1 0.129734 
1 0.130385 
1 0.143298 
1 0.161999 
1 0.09783 
1 0.0711384 
1 0.0495365 
1 0.0357695 
1 0.051535 
1 0.0677122 
1 0.024234 
1 0.00454415 
1 0.0087277 
1 0.0304759 
1 0.035814 
1 0.032862 
1 0.0425492 
1 0.0304643 
1 0.0113068 
1 0.0309225 
1 0.0361499 
1 0.0743078 
1 0.0827895 
1 0.0736537 
1 0.0679233 
1 0.0754014 
1 0.0959172 
1 0.0733391 
1 0.0855648 
1 0.0564914 
1 0.0555281 
1 0.0640384 
1 0.205736 
1 0.226902 
1 0.215956 
1 0.248494 
1 0.142744 
1 0.12621 
1 0.143127 
1 0.130418 
1 0.109651 
1 0.0843713 
1 0.0726439 
1 0.0814304 
1 0.0787217 
1 0.102803 
1 0.0897672 
1 0.105736 
1 0.106889 
1 0.0709394 
1 0.104649 
1 0.168362 
1 0.143962 
1 0.195414 
1 0.192332 
1 0.137675 
1 0.146668 
1 0.174692 
1 0.111839 
1 0.105087 
1 0.131282 
1 0.163978 
1 0.0573139 
1 0.0921624 
1 0.107918 
1 0.128201 
1 0.142629 
1 0.115981 
1 0.104647 
1 0.0745426 
1 0.0977067 
1 0.115903 
1 0.126375 
1 0.141395 
1 0.167219 
1 0.118881 
1 0.117065 
1 0.134392 
1 0.0704191 
1 0.084747 
1 0.106724 
1 0.137073 
1 0.169997 
1 0.191144 
1 0.125264 
2 0.75857 
2 0.28636 
2 0.178385 
2 0.134987 
2 0.117487 
2 0.137767 
2 0.190034 
2 0.20959 
2 0.248813 
2 0.286557 
2 0.341069 
2 0.363293 
2 0.361677 
2 0.302618 
2 0.29071 
2 0.316661 
2 0.349234 
2 0.36379 
2 0.382678 
2 0.380662 
2 0.36264 
2 0.348068 
2 0.364362 
2 0.382712 
2 0.399954 
2 0.4099 
2 0.430849 
2 0.456411 
2 0.451915 
2 0.478257 
2 0.50014 
2 0.518613 
2 0.433551 
2 0.366008 
2 0.398546 
2 0.427538 
2 0.445049 
2 0.451582 
2 0.465181 
2 0.45985 
2 0.424499 
2 0.407569 
2 0.410183 
2 0.404541 
2 0.455226 
2 0.423045 
2 0.387679 
2 0.321983 
2 0.314545 
2 0.30815 
2 0.302648 
2 0.296842 
2 0.278697 
2 0.264136 
2 0.210809 
2 0.196626 
2 0.208944 
2 0.22062 
2 0.248829 
2 0.285262 
2 0.309562 
2 0.269289 
2 0.248032 
2 0.278675 
2 0.298734 
2 0.284533 
2 0.256545 
2 0.179778 
2 0.133413 
2 0.144608 
2 0.169188 
2 0.150277 
2 0.135031 
2 0.162286 
2 0.155162 
2 0.175895 
2 0.225485 
2 0.232023 
2 0.252671 
2 0.286976 
2 0.297214 
2 0.317135 
2 0.34096 
2 0.336305 
2 0.292732 
2 0.313561 
2 0.350016 
2 0.371603 
2 0.310097 
2 0.243175 
2 0.246819 
2 0.170089 
2 0.167755 
2 0.166226 
2 0.151973 
2 0.174889 
2 0.212804 
2 0.20905 
2 0.186822 
2 0.187694 
2 0.148735 
2 0.102802 
2 0.0757921 
2 0.0964919 
2 0.111793 
2 0.139723 
2 0.175036 
2 0.152627 
2 0.18233 
2 0.176111 
2 0.179705 
2 0.205863 
2 0.23388 
2 0.239301 
2 0.271372 
2 0.255975 
2 0.286114 
2 0.312223 
2 0.312635 
2 0.320006 
2 0.343656 
2 0.249697 
2 0.230109 
2 0.241299 
2 0.260819 
2 0.287376 
2 0.323719 
2 0.297217 
2 0.292889 
2 0.311976 
2 0.297715 
2 0.28278 
2 0.287809 
2 0.26869 
2 0.26869 
2 0.252452 
2 0.259565 
2 0.252589 
2 0.269123 
2 0.282783 
2 0.305714 
2 0.336149 
2 0.359447 
2 0.343686 
2 0.322611 
2 0.321533 
2 0.354999 
2 0.402265 
2 0.424472 
2 0.41651 
2 0.417578 
2 0.369709 
2 0.360334 
2 0.392974 
2 0.474201 
2 0.419481 
2 0.402623 
2 0.412723 
2 0.428283 
2 0.345506 
2 0.354067 
2 0.348788 
2 0.344235 
2 0.371838 
2 0.419485 
2 0.431257 
2 0.449539 
2 0.455812 
2 0.469527 
2 0.532527 
2 0.566992 
2 0.599382 
2 0.629741 
2 0.570732 
2 0.558853 
2 0.496823 
2 0.471312 
2 0.376788 
2 0.305774 
2 0.306906 
2 0.335368 
2 0.332603 
2 0.358744 
2 0.389782 
2 0.41608 
2 0.424512 
2 0.416785 
2 0.410237 
2 0.366656 
2 0.334182 
2 0.353402 
2 0.371955 
2 0.364013 
2 0.248843 
2 0.199646 
2 0.237091 
2 0.30948 
2 0.370714 
2 0.461332 
2 0.336083 
2 0.275381 
2 0.235965 
2 0.267982 
2 0.301318 
2 0.27244 
2 0.235047 
2 0.27438 
2 0.361551 
2 0.367296 
2 0.367296 
2 0.420568 
2 0.452924 
2 0.360055 
2 0.313396 
2 0.361444 
2 0.362583 
2 0.372698 
2 0.362147 
2 0.417319 
2 0.301614 
2 0.340873 
2 0.328132 
2 0.141019 
2 0.137674 
2 0.191744 
2 0.217393 
2 0.227673 
2 0.286448 
2 0.308921 
2 0.34424 
2 0.435405 
2 0.537214 
2 0.61026 
2 0.562166 
2 0.262387 
2 0.313312 
2 0.35222 
2 0.354385 
2 0.39532 
2 0.41258 
2 0.395488 
2 0.382345 
2 0.416355 
2 0.375741 
2 0.442629 
2 0.306808 
2 0.315409 
2 0.332927 
2 0.338562 
2 0.350731 
2 0.360843 
2 0.373555 
2 0.379441 
2 0.297458 
2 0.320644 
2 0.402886 
2 0.395811 
2 0.444874 
2 0.415283 
2 0.450551 
2 0.477824 
2 0.479936 
2 0.398919 
3 0.871574 
3 0.739037 
3 0.673647 
3 0.592072 
3 0.542372 
3 0.508643 
3 0.453992 
3 0.348654 
3 0.301507 
3 0.335017 
3 0.366245 
3 0.381818 
3 0.401949 
3 0.419857 
3 0.389037 
3 0.377989 
3 0.351143 
3 0.33855 
3 0.358279 
3 0.409157 
3 0.379155 
3 0.374901 
3 0.372821 
3 0.383841 
3 0.396958 
3 0.42544 
3 0.425603 
3 0.44811 
3 0.42565 
3 0.408079 
3 0.402545 
3 0.380444 
3 0.371137 
3 0.398186 
3 0.424591 
3 0.457731 
3 0.479831 
3 0.499067 
3 0.452416 
3 0.418683 
3 0.470182 
3 0.493813 
3 0.515929 
3 0.542764 
3 0.568129 
3 0.584957 
3 0.610334 
3 0.566671 
3 0.535843 
3 0.507053 
3 0.489544 
3 0.398227 
3 0.323944 
3 0.456899 
3 0.450095 
3 0.463234 
3 0.445731 
3 0.442915 
3 0.465245 
3 0.460237 
3 0.447008 
3 0.436025 
3 0.434928 
3 0.433281 
3 0.485973 
3 0.473718 
3 0.4382 
3 0.426906 
3 0.426906 
3 0.465162 
3 0.529542 
3 0.636189 
3 0.611229 
3 0.578527 
3 0.554004 
3 0.522733 
3 0.470368 
3 0.411712 
3 0.426006 
3 0.439395 
3 0.457798 
3 0.461795 
3 0.469867 
3 0.501505 
3 0.528768 
3 0.536162 
3 0.466865 
3 0.393669 
3 0.347702 
3 0.342795 
3 0.33759 
3 0.374351 
3 0.418964 
3 0.430459 
3 0.439574 
3 0.39744 
3 0.357787 
3 0.359217 
3 0.374804 
3 0.574576 
3 0.645884 
3 0.548829 
3 0.500189 
3 0.534002 
3 0.539768 
3 0.506122 
3 0.449174 
3 0.464616 
3 0.477602 
3 0.516218 
3 0.574983 
3 0.465296 
3 0.3898 
3 0.39715 
3 0.391322 
3 0.387107 
3 0.401077 
3 0.432927 
3 0.361932 
3 0.322172 
3 0.461196 
3 0.500543 
3 0.434894 
3 0.340346 
3 0.331617 
3 0.374435 
3 0.43147 
3 0.430608 
3 0.42998 
3 0.462804 
3 0.504649 
3 0.552349 
3 0.568382 
3 0.535093 
3 0.555974 
3 0.546397 
3 0.527089 
3 0.498036 
3 0.560344 
3 0.633565 
3 0.671006 
3 0.669364 
3 0.66804 
3 0.575474 
3 0.533826 
1 0.360547 
1 0.458718 
1 0.558471 
1 0.587556 
1 0.486356 
1 0.569201 
2 0.871574 
2 0.699752 
2 0.555851 
2 0.521392 
2 0.524781 
2 1 
2 0.835785 
2 0.335292 
2 0.312017 
2 0.318994 
2 0.347554 
2 0.424955 
2 0.421111 
2 0.395596 
2 0.517274 
2 0.510887 
2 0.471188 
2 0.475538 
2 0.426007 
2 0.358372 
2 0.496044 
2 0.495509 
2 0.540852 
2 0.533719 
2 0.420538 
2 0.393779 
2 0.430734 
2 0.455257 
2 0.451076 
2 0.427402 
2 0.390989 
2 0.413131 
2 0.659135 
2 0.693473 
2 0.759489 
2 0.782116 
2 0.808737 
2 0.75857 
